GSM1555085	GSM1555086	GSM1555087	GSM1555088	GSM1555089	GSM1555090	GSM1555091	GSM1555092	GSM1555093	GSM1555094	GSM1555095	GSM1555096
Lable	0	0	0	0	0	0	0	1	1	1	1	1
CAMK2A	-0.185826736002225	-0.53599783565749	-0.561210163517534	-0.0460050877745483	-0.768229206485409	-1.16712339282661	0.207083300505925	-0.168913475135069	0.462367242212393	-0.486538573797332	2.76631471666482	0.484079211813076
CDK1	1.25365520867733	1.14063981564107	0.106294707127043	1.15745968267697	0.427826659244955	0.12315216195837	0.564154910386192	-0.638751136503375	-1.10543730336757	0.00470233837875204	-1.63544329976701	-1.39825374445273
E2F1	0.271903810678677	2.52090505298715	-0.877253007962786	-0.219229395381115	-0.865772996417841	-0.30054531484475	0.703624682773509	0.244246168132755	0.783307437575684	-0.723581462332479	-0.628121630626254	-0.909483344582538
ESPL1	1.15233062049451	1.706003143567	-0.123071160203763	1.30915036936026	0.783111461025152	-0.139914805108677	-0.239712931448004	-1.12948022474226	-0.983401316695584	-0.762417142322435	-0.410966934534267	-1.16163107939193
PTTG1	0.964764436824845	1.29914053349042	0.623602723621517	0.777882306194469	1.34913556847101	-0.111877202344572	0.166596808899051	-0.799575484525193	-0.608923192484245	-1.04183309661783	-1.34236654629557	-1.2765468552339
RUNX1T1	-1.37923735120021	-1.51739247143429	-0.702888068788065	-1.26500118620179	0.554610375042575	-0.401535759850107	0.459741942767849	0.748725837975287	0.672434065432327	0.505859913783696	1.320504954986	1.00417774748673
ZBTB16	-1.01138079251334	-0.910966797286309	-1.1397356924134	-1.00796258619092	0.78585662306722	-0.816841446397705	0.904786339273967	1.59883648270189	0.0801693550458926	-0.421832705906071	0.73696647246891	1.20210474814987
ZEB1	-1.15908752452208	-1.80876840472079	-0.747779071295298	-1.32656843973321	0.753791149262239	0.0483881752843215	0.572282018777325	0.879314785835632	0.17561579276301	0.640920791517213	0.919330788996957	1.05255993783469
